[gd_scene load_steps=3 format=2]

[ext_resource path="res://Objects/Player.tscn" type="PackedScene" id=1]
[ext_resource path="res://Objects/Tiles.tres" type="TileSet" id=2]

[node name="Level" type="Node2D"]

[node name="TileMap" type="TileMap" parent="."]
tile_set = ExtResource( 2 )
cell_size = Vector2( 32, 32 )
format = 1
tile_data = PoolIntArray( -327686, 0, 7, -327685, 0, 196612, -327684, 0, 196612, -327683, 0, 196612, -327682, 0, 196612, -327681, 0, 196612, -393216, 0, 196612, -393215, 0, 196612, -393214, 0, 196612, -393213, 0, 8, -262150, 0, 65543, -262149, 0, 196613, -262148, 0, 196613, -262147, 0, 196613, -262146, 0, 196613, -262145, 0, 196613, -327680, 0, 131073, -327679, 0, 131078, -327678, 0, 131078, -327677, 0, 131077, -262144, 0, 131076, -262143, 0, 131078, -262142, 0, 131078, -262141, 0, 131077, -196608, 0, 131076, -196607, 0, 131078, -196606, 0, 131078, -196605, 0, 131077, -131072, 0, 131076, -131071, 0, 131078, -131070, 0, 131078, -131069, 0, 131077, -65536, 0, 131076, -65535, 0, 131078, -65534, 0, 131078, -65533, 0, 131077, 0, 0, 131076, 1, 0, 131078, 2, 0, 131078, 3, 0, 131077, 65536, 0, 131076, 65537, 0, 131078, 65538, 0, 131078, 65539, 0, 131077, 131072, 0, 131076, 131073, 0, 131078, 131074, 0, 131078, 131075, 0, 131077, 196608, 0, 131076, 196609, 0, 131078, 196610, 0, 131078, 196611, 0, 131077, 262144, 0, 131076, 262145, 0, 131078, 262146, 0, 131078, 262147, 0, 131077, 327680, 0, 131076, 327681, 0, 131078, 327682, 0, 131078, 327683, 0, 131077, 393216, 0, 131076, 393217, 0, 131078, 393218, 0, 131078, 393219, 0, 131077, 458752, 0, 131076, 458753, 0, 131078, 458754, 0, 131078, 458755, 0, 131077, 524288, 0, 131076, 524289, 0, 131078, 524290, 0, 131078, 524291, 0, 131077, 589824, 0, 65543, 589825, 0, 131073, 589826, 0, 131078, 589827, 0, 131077, 655361, 0, 131076, 655362, 0, 131078, 655363, 0, 196608, 655364, 0, 196612, 655365, 0, 196612, 655366, 0, 8, 720897, 0, 65543, 720898, 0, 131073, 720899, 0, 131078, 720900, 0, 131078, 720901, 0, 131078, 720902, 0, 196608, 720903, 0, 196612, 720904, 0, 8, 720928, 0, 65541, 786434, 0, 131076, 786435, 0, 131078, 786436, 0, 131078, 786437, 0, 131078, 786438, 0, 131078, 786439, 0, 131078, 786440, 0, 196608, 786441, 0, 196612, 786442, 0, 8, 786463, 0, 7, 786464, 0, 262147, 851970, 0, 65543, 851971, 0, 131073, 851972, 0, 131078, 851973, 0, 131078, 851974, 0, 131078, 851975, 0, 131078, 851976, 0, 131078, 851977, 0, 131078, 851978, 0, 196608, 851979, 0, 196612, 851980, 0, 196612, 851981, 0, 8, 851998, 0, 7, 851999, 0, 196609, 852000, 0, 196608, 852001, 0, 8, 917507, 0, 65543, 917508, 0, 131073, 917509, 0, 131078, 917510, 0, 131078, 917511, 0, 131078, 917512, 0, 131078, 917513, 0, 131078, 917514, 0, 131078, 917515, 0, 131078, 917516, 0, 131078, 917517, 0, 196608, 917518, 0, 196612, 917519, 0, 196612, 917520, 0, 196612, 917521, 0, 196612, 917522, 0, 196612, 917523, 0, 196612, 917524, 0, 196612, 917525, 0, 196612, 917526, 0, 196612, 917527, 0, 196612, 917528, 0, 196612, 917529, 0, 196612, 917530, 0, 196612, 917531, 0, 196612, 917532, 0, 196612, 917533, 0, 196612, 917534, 0, 196609, 917535, 0, 131072, 917536, 0, 196613, 917537, 0, 65544, 983044, 0, 65543, 983045, 0, 131073, 983046, 0, 131078, 983047, 0, 131078, 983048, 0, 131078, 983049, 0, 131078, 983050, 0, 131078, 983051, 0, 131078, 983052, 0, 131078, 983053, 0, 131078, 983054, 0, 131078, 983055, 0, 131078, 983056, 0, 131078, 983057, 0, 131078, 983058, 0, 131078, 983059, 0, 131078, 983060, 0, 131078, 983061, 0, 131078, 983062, 0, 131078, 983063, 0, 131078, 983064, 0, 131078, 983065, 0, 131078, 983066, 0, 131078, 983067, 0, 131078, 983068, 0, 131078, 983069, 0, 131072, 983070, 0, 196613, 983071, 0, 65544, 1048581, 0, 65543, 1048582, 0, 196613, 1048583, 0, 196613, 1048584, 0, 131073, 1048585, 0, 131078, 1048586, 0, 131078, 1048587, 0, 131078, 1048588, 0, 131078, 1048589, 0, 131078, 1048590, 0, 131078, 1048591, 0, 131078, 1048592, 0, 131078, 1048593, 0, 131078, 1048594, 0, 131078, 1048595, 0, 131078, 1048596, 0, 131078, 1048597, 0, 131078, 1048598, 0, 131078, 1048599, 0, 131078, 1048600, 0, 131078, 1048601, 0, 131072, 1048602, 0, 196613, 1048603, 0, 196613, 1048604, 0, 196613, 1048605, 0, 65544, 1114120, 0, 65543, 1114121, 0, 196613, 1114122, 0, 196613, 1114123, 0, 196613, 1114124, 0, 196613, 1114125, 0, 196613, 1114126, 0, 196613, 1114127, 0, 196613, 1114128, 0, 196613, 1114129, 0, 196613, 1114130, 0, 196613, 1114131, 0, 196613, 1114132, 0, 196613, 1114133, 0, 196613, 1114134, 0, 196613, 1114135, 0, 196613, 1114136, 0, 196613, 1114137, 0, 65544 )

[node name="KinematicBody2D" parent="." instance=ExtResource( 1 )]
position = Vector2( 480, 320 )
